labelled 311 regions (of 506)
1	73646	0	0	124
2	32246	164	0	38
3	15017	230	0	26
4	25084	288	0	29
5	44964	345	66	44
6	19472	557	0	59
7	6719	853	0	10
8	9696	1588	0	11
9	28992	1232	0	65
10	6625	1777	51	8
11	19714	1948	0	61
12	44569	2142	75	44
13	40689	2222	0	55
14	32101	2317	10	35
15	21552	2384	0	31
16	35645	2483	0	66
17	1279764	646	1199	218
18	281	1274	188	6
20	185	1102	221	4
21	8925	2054	243	9
22	3677	1256	279	13
23	5805	1520	306	19
25	292	1247	262	3
26	320	912	243	3
27	599	1945	246	8
28	2179	1995	250	8
29	677	1894	248	8
31	1288	1853	253	9
34	457	1030	257	4
35	2805	1421	301	14
38	542	1892	265	7
39	563	1926	263	7
40	604	1969	264	7
42	490	1432	281	7
43	3287	1083	313	15
44	1134	1823	276	8
46	696	1753	279	7
48	1393	2076	286	7
49	543	1092	291	7
50	2705	1938	280	8
51	628	1976	281	7
52	927	953	283	5
53	671	1769	290	7
54	1299	2054	296	7
55	515	1692	301	7
57	323	2130	297	4
59	9451	1913	298	8
63	615	1713	309	8
64	1461	1675	308	7
65	529	2137	319	5
66	429	1059	336	4
67	551	1235	332	3
69	86364	2046	415	94
71	249	1297	315	3
72	1247	1705	331	7
73	675	1647	340	7
75	516	2134	332	5
85	168	1455	342	3
88	597	1614	360	6
89	6198	2095	530	7
90	153	1519	369	2
92	121	1041	363	2
93	507	1620	373	5
94	541	1566	375	5
95	5524	780	455	7
96	621	1569	392	7
98	5090	621	407	24
99	8313	1752	596	6
100	67742	771	685	38
101	11651	1041	462	15
102	728	1550	425	6
103	4524	1707	423	23
105	1867	1115	423	16
106	1500	1146	439	12
107	15594	1432	592	9
108	8312	1798	502	27
109	4439	1905	444	24
111	518	1082	424	9
112	17366	1478	705	33
113	1191	1288	433	12
115	3792	1008	449	15
116	6445	1335	473	32
118	278	1809	435	9
119	197	1050	439	7
121	170	2176	455	4
122	2635	2033	635	6
123	686	2141	498	5
125	9012	1055	490	15
126	56918	614	603	121
128	672	2141	520	5
129	5622	2026	653	7
131	447	2167	498	3
134	7843	1317	523	15
135	6839	1228	704	8
136	10362	1470	838	8
137	5952	1901	595	14
138	9608	813	730	7
139	172	1347	519	4
140	4157	2038	537	18
141	2251	1195	580	15
142	8724	1188	623	18
143	5495	1631	542	28
144	6922	1597	604	14
145	3178	1668	577	19
146	17885	814	593	23
147	667	1195	539	9
148	503	2118	527	5
149	2728	935	541	19
150	4997	1438	626	16
151	493	2110	552	5
153	419	2116	564	5
154	140	1436	558	5
155	836	2018	562	4
156	421	2055	576	5
158	382	1545	574	5
159	1173	1975	577	11
161	252	1261	571	4
163	442	2057	590	6
166	2273	1629	582	6
168	984	1700	644	9
169	218	1261	582	4
170	221	1530	584	5
171	498	2080	591	6
172	840	1995	606	6
174	2434	1080	721	10
177	216	1258	594	4
178	184	1527	596	5
179	797	2010	615	6
180	214	1353	597	5
182	165	1250	606	3
183	155	1524	607	4
185	519	1147	618	5
186	294	1257	615	5
189	578	2117	654	3
190	673	2031	620	6
191	24010	172	963	33
192	390	1959	619	6
193	17309	117	1010	26
194	207	1530	620	4
195	23929	2312	956	32
196	11797	2415	844	22
198	17594	2367	1013	24
199	4977	2068	663	19
202	152	1626	624	5
204	441	1136	640	5
205	382	1928	628	5
206	786	1726	630	5
207	380	1949	636	6
208	548	1529	636	8
209	250	1632	639	5
211	264	1886	636	4
212	1853	1305	726	10
213	413	1807	638	5
214	427	1906	645	6
215	460	1130	659	5
216	410	1974	643	6
217	797	1762	648	6
219	9547	464	765	13
220	277	1621	648	5
221	405	1887	647	5
222	210	1471	651	7
223	427	1831	650	5
224	640	1731	655	5
225	294	1920	656	6
226	419	1148	661	5
227	1786	1966	660	7
228	2182	1625	681	23
229	560	2030	732	4
230	651	2102	678	9
231	432	1877	661	6
232	423	1808	662	5
233	9928	1967	732	49
234	7786	2033	810	17
235	691	1759	671	5
236	491	1134	688	6
237	1172	812	701	5
238	381	422	698	6
239	4041	1186	807	21
240	1906	387	688	7
241	7369	876	740	39
242	626	1177	709	9
243	2191	1787	715	17
244	331	1026	705	6
245	597	394	704	8
246	7344	1627	718	12
247	6326	1899	781	24
248	702	1908	698	4
249	689	1811	738	5
250	729	1852	705	10
251	1085	1863	787	5
252	255	1025	721	5
255	217	1702	715	7
258	420	401	721	7
259	250	1059	728	8
260	6116	1720	773	28
261	4003	918	825	14
262	201	1026	736	5
263	291	353	742	5
266	522	409	737	8
268	489	374	742	7
269	253	1547	743	8
272	3329	884	809	12
273	1090	337	756	8
274	1960	419	752	8
275	227	1025	753	6
277	10273	657	966	8
279	1355	1496	828	10
282	551	1021	772	6
285	291	373	766	7
287	540	2081	771	7
289	1218	2003	796	11
290	2392	412	781	9
291	6630	455	913	8
292	1097	348	770	7
293	242	919	770	3
294	2210	1542	778	12
296	906	348	796	7
297	27853	444	844	57
298	417	29	792	8
299	2215	2449	834	12
304	616	985	803	5
316	768	816	839	6
317	256	869	838	4
318	977	791	865	7
319	862	860	851	6
320	1501	836	878	7
322	13358	2483	887	32
323	474	740	873	6
329	467	758	881	6
330	111460	980	916	41
331	324	790	882	6
339	742	671	897	8
341	449	750	900	6
343	132	336	900	4
344	491	721	895	6
346	563	382	914	5
350	1097	772	907	7
352	312	707	916	6
353	470	657	918	6
354	14345	0	989	28
355	415	627	912	5
358	465	358	914	4
361	443	582	921	6
362	469	607	930	6
363	562	663	931	7
364	759	409	944	6
365	1253	540	926	6
366	2550	1124	950	25
367	2616	1642	948	25
368	345	855	924	3
370	2517	1287	948	24
371	2504	1483	949	24
372	718	383	948	5
373	303	1016	945	3
374	243	1380	924	2
375	606	1401	934	11
376	347	1513	953	3
378	239	923	974	3
380	243	1185	965	3
381	630	1206	937	12
383	412	1317	963	4
384	149	1419	935	4
387	291	1560	930	3
390	245	1090	962	3
391	293	1154	956	3
393	286	1254	962	3
394	247	1450	964	3
395	270	1608	962	3
396	265	1673	950	3
397	142	1223	933	4
398	518	581	935	6
399	397	429	936	5
400	451	613	945	7
405	821	520	942	6
406	2471	563	969	7
409	638	457	955	8
410	369	571	951	7
412	975	508	958	8
414	177	1413	968	3
415	389	455	969	5
424	878	2283	1014	5
426	1256	2438	1010	11
427	1175	47	1009	8
431	1738	182	1024	13
433	1367	2453	1072	8
434	2342	2322	1099	10
435	468	134	1060	4
437	459	2360	1055	4
440	364	2309	1038	3
442	397	211	1044	3
443	176	179	1041	2
447	176	170	1048	6
448	127	143	1057	3
451	1106	72	1077	14
452	545	207	1078	5
453	144	2342	1062	3
454	981	2414	1079	12
455	675	2293	1087	6
462	2635	162	1105	9
465	432	144	1107	5
466	153	134	1081	4
471	144	192	1093	3
473	211	77	1108	3
476	5333	2310	1141	19
480	4127	175	1168	22
481	3267	2378	1166	21
482	872	92	1151	7
483	204	54	1149	4
487	2908	2483	1194	30
488	2136	106	1181	19
490	704	70	1190	14

