labelled 326 regions (of 539)
1	73646	0	0	124
2	32250	164	0	38
3	15022	230	0	26
4	25090	288	0	29
5	44966	354	38	45
6	19472	557	0	59
7	6501	853	0	10
8	9696	1588	0	11
9	21183	1232	0	65
10	1694	1516	0	23
11	6625	1777	51	8
12	19724	1935	0	62
13	44575	2120	0	45
14	40689	2222	0	55
15	32101	2317	10	35
16	21552	2384	0	31
17	35645	2483	0	66
18	1234514	646	1199	218
19	13026	1521	250	7
20	153	1274	188	5
22	4509	1344	250	18
24	4827	1159	264	17
26	8925	2054	243	9
27	6596	981	242	20
28	2918	1256	279	11
29	4811	1520	306	17
31	261	912	243	3
32	599	1945	246	8
33	2179	1995	250	8
36	677	1894	248	8
40	1288	1853	253	9
49	136	1030	257	2
50	2120	1421	301	12
54	542	1892	265	7
55	563	1926	263	7
57	604	1969	264	7
62	280	1430	279	5
63	1134	1823	276	8
64	2566	1083	313	13
67	696	1753	279	7
69	1393	2076	286	7
70	337	1091	290	5
72	2705	1938	280	8
73	628	1976	281	7
78	588	998	366	4
79	671	1769	290	7
80	1299	2054	296	7
81	515	1692	301	7
83	323	2130	297	4
85	9451	1913	298	8
87	615	1713	309	8
90	1461	1675	308	7
92	529	2137	319	5
98	203	1235	332	2
99	86364	2046	415	94
101	1247	1705	331	7
105	675	1647	340	7
106	149	1055	333	2
109	516	2134	332	5
120	597	1614	360	6
122	6198	2095	530	7
123	139	1519	369	2
125	121	1041	363	2
126	507	1620	373	5
127	541	1566	375	5
128	5524	780	455	7
129	621	1569	392	7
130	104	2183	398	3
131	5090	621	407	24
132	8313	1752	596	6
133	67742	771	685	38
134	11651	1041	462	15
135	728	1550	425	6
136	4524	1707	423	23
138	1867	1115	423	16
139	1500	1146	439	12
140	15594	1432	592	9
141	8312	1798	502	27
142	4439	1905	444	24
144	518	1082	424	9
145	17366	1478	705	33
146	1191	1288	433	12
147	110	2184	431	3
148	3792	1008	449	15
149	6445	1335	473	32
150	109	2189	448	3
151	278	1809	435	9
152	197	1050	439	7
154	170	2176	455	4
155	2635	2033	635	6
156	686	2141	498	5
158	9012	1055	490	15
159	56918	614	603	121
161	672	2141	520	5
162	5622	2026	653	7
164	447	2167	498	3
167	7843	1317	523	15
168	6839	1228	704	8
169	10362	1470	838	8
170	5952	1901	595	14
171	9608	813	730	7
172	172	1347	519	4
173	4157	2038	537	18
174	2251	1195	580	15
175	8724	1188	623	18
176	5495	1631	542	28
177	6922	1597	604	14
178	3178	1668	577	19
179	17885	814	593	23
180	667	1195	539	9
181	503	2118	527	5
182	2728	935	541	19
183	4997	1438	626	16
184	493	2110	552	5
186	419	2116	564	5
187	140	1436	558	5
188	836	2018	562	4
189	421	2055	576	5
191	382	1545	574	5
192	1173	1975	577	11
194	252	1261	571	4
196	442	2057	590	6
199	2273	1629	582	6
201	984	1700	644	9
202	218	1261	582	4
203	221	1530	584	5
204	498	2080	591	6
205	840	1995	606	6
206	99	1549	588	5
207	2434	1080	721	10
208	92	1347	587	3
210	216	1258	594	4
211	184	1527	596	5
212	797	2010	615	6
213	214	1353	597	5
215	165	1250	606	3
216	155	1524	607	4
218	519	1147	618	5
219	294	1257	615	5
222	578	2117	654	3
223	673	2031	620	6
224	24010	172	963	33
225	390	1959	619	6
226	17309	117	1010	26
227	207	1530	620	4
228	23929	2312	956	32
229	11797	2415	844	22
231	17594	2367	1013	24
232	4977	2068	663	19
235	152	1626	624	5
237	441	1136	640	5
238	382	1928	628	5
239	786	1726	630	5
240	380	1949	636	6
241	548	1529	636	8
242	250	1632	639	5
244	264	1886	636	4
245	1853	1305	726	10
246	413	1807	638	5
247	427	1906	645	6
248	460	1130	659	5
249	410	1974	643	6
250	797	1762	648	6
252	9547	464	765	13
253	277	1621	648	5
254	405	1887	647	5
255	210	1471	651	7
256	427	1831	650	5
257	640	1731	655	5
258	294	1920	656	6
259	419	1148	661	5
260	1786	1966	660	7
261	2182	1625	681	23
262	560	2030	732	4
263	651	2102	678	9
264	432	1877	661	6
265	423	1808	662	5
266	9928	1967	732	49
267	7786	2033	810	17
268	691	1759	671	5
269	491	1134	688	6
270	1172	812	701	5
271	381	422	698	6
272	4041	1186	807	21
273	1906	387	688	7
274	7369	876	740	39
275	626	1177	709	9
276	2191	1787	715	17
277	331	1026	705	6
278	597	394	704	8
279	7344	1627	718	12
280	6326	1899	781	24
281	702	1908	698	4
282	689	1811	738	5
283	729	1852	705	10
284	1085	1863	787	5
285	255	1025	721	5
288	217	1702	715	7
291	420	401	721	7
292	250	1059	728	8
293	6116	1720	773	28
294	4003	918	825	14
295	201	1026	736	5
296	291	353	742	5
299	522	409	737	8
301	489	374	742	7
302	253	1547	743	8
305	3329	884	809	12
306	1090	337	756	8
307	1960	419	752	8
308	227	1025	753	6
310	10273	657	966	8
312	1355	1496	828	10
315	551	1021	772	6
318	291	373	766	7
320	540	2081	771	7
321	112	1004	778	3
322	1218	2003	796	11
323	2392	412	781	9
324	6630	455	913	8
325	1097	348	770	7
326	242	919	770	3
327	2210	1542	778	12
329	906	348	796	7
330	27853	444	844	57
331	417	29	792	8
332	2215	2449	834	12
337	616	985	803	5
349	768	816	839	6
350	256	869	838	4
351	977	791	865	7
352	862	860	851	6
353	1501	836	878	7
355	13358	2483	887	32
356	474	740	873	6
362	467	758	881	6
363	111460	980	916	41
364	324	790	882	6
370	104	329	886	2
372	742	671	897	8
374	449	750	900	6
376	132	336	900	4
377	491	721	895	6
379	563	382	914	5
383	1097	772	907	7
385	312	707	916	6
386	470	657	918	6
387	14345	0	989	28
388	415	627	912	5
391	465	358	914	4
394	443	582	921	6
395	469	607	930	6
396	562	663	931	7
397	759	409	944	6
398	1253	540	926	6
399	2550	1124	950	25
400	2616	1642	948	25
401	345	855	924	3
403	2517	1287	948	24
404	2504	1483	949	24
405	718	383	948	5
406	303	1016	945	3
407	243	1380	924	2
408	606	1401	934	11
409	347	1513	953	3
411	239	923	974	3
413	243	1185	965	3
414	630	1206	937	12
416	412	1317	963	4
417	149	1419	935	4
420	291	1560	930	3
423	245	1090	962	3
424	293	1154	956	3
426	286	1254	962	3
427	247	1450	964	3
428	270	1608	962	3
429	265	1673	950	3
430	142	1223	933	4
431	518	581	935	6
432	397	429	936	5
433	451	613	945	7
438	821	520	942	6
439	2471	563	969	7
442	638	457	955	8
443	369	571	951	7
445	975	508	958	8
446	101	1219	971	2
447	177	1413	968	3
448	389	455	969	5
449	104	2397	986	3
457	878	2283	1014	5
459	1256	2438	1010	11
460	1175	47	1009	8
461	106	2272	1016	3
464	1738	182	1024	13
466	1367	2453	1072	8
467	2342	2322	1099	10
468	468	134	1060	4
470	459	2360	1055	4
472	105	2428	1037	4
473	364	2309	1038	3
475	397	211	1044	3
476	176	179	1041	2
480	176	170	1048	6
481	127	143	1057	3
482	109	2314	1049	5
484	1106	72	1077	14
485	545	207	1078	5
486	144	2342	1062	3
487	981	2414	1079	12
488	675	2293	1087	6
495	2635	162	1105	9
496	113	138	1073	2
498	432	144	1107	5
499	153	134	1081	4
504	144	192	1093	3
506	211	77	1108	3
509	5333	2310	1141	19
513	4127	175	1168	22
514	3267	2378	1166	21
515	872	92	1151	7
516	204	54	1149	4
520	2908	2483	1194	30
521	2136	106	1181	19
523	704	70	1190	14
528	106	45	1184	3
